
1.360000000000001
1.400000000000001
1.410000000000001
1.410000000000001
1.400000000000001
1.400000000000001
1.410000000000001
1.360000000000001
1.360000000000001
1.360000000000001
1.360000000000001
1.360000000000001
1.410000000000001
1.400000000000001
1.360000000000001
1.360000000000001
1.360000000000001
1.360000000000001
1.360000000000001
1.360000000000001
1.360000000000001
1.400000000000001
1.400000000000001
1.400000000000001
1.360000000000001
1.360000000000001
1.360000000000001
1.360000000000001
1.360000000000001
1.360000000000001
1.360000000000001
1.360000000000001